19393	(643370, 234624, 0.3646797332794504)
19690	(37887, 12158, 0.3209016285269354)
19790	(454372, 117601, 0.25882096608065636)
19805	(459324, 165059, 0.3593520042497235)
19930	(88162, 26422, 0.29969828270683513)
19977	(258574, 69094, 0.26721170728688887)
20304	(299512, 97456, 0.32538262239910254)
20366	(251522, 77122, 0.30662128958898227)
20409	(139891, 55437, 0.3962871092493441)
20416	(67525, 31417, 0.4652647167715661)
20436	(43954, 12978, 0.29526322974018293)
21171	(33370, 14084, 0.42205573868744384)
